bagging_temperature: 1.9829956745351318
colsample_bylevel: 0.02759553814148087
depth: 12
iterations: 1500
l2_leaf_reg: 2
learning_rate: 0.34321017011541577
random_strength: 0.7032886149031113
